0.00000000000000 0.00000000000000 0.00000000000000 2 
1.23375668160000 2.13692925680000 0.00000000000000 2 
2.46751336320000 4.27385851350000 0.00000000000000 2 
3.70127004490000 6.41078777030000 0.00000000000000 2 
4.93502672650000 8.54771702700000 0.00000000000000 2 
6.16878340810000 10.68464628380000 0.00000000000000 2 
7.40254008970000 12.82157554050000 0.00000000000000 2 
8.63629677140000 14.95850479730000 0.00000000000000 2 
9.87005345300000 17.09543405400000 0.00000000000000 2 
11.10381013460000 19.23236331080000 0.00000000000000 2 
12.33756681620000 21.36929256750000 0.00000000000000 2 
13.57132349790000 23.50622182430000 0.00000000000000 2 
14.80508017950000 25.64315108100000 0.00000000000000 2 
16.03883686110000 27.78008033780000 0.00000000000000 2 
17.27259354270000 29.91700959450000 0.00000000000000 2 
18.50635022440000 32.05393885130000 0.00000000000000 2 
1.23375668160000 -2.13692925680000 0.00000000000000 2 
2.46751336320000 0.00000000000000 0.00000000000000 2 
3.70127004490000 2.13692925680000 0.00000000000000 2 
4.93502672650000 4.27385851350000 0.00000000000000 2 
6.16878340810000 6.41078777030000 0.00000000000000 2 
7.40254008970000 8.54771702700000 0.00000000000000 2 
8.63629677140000 10.68464628380000 0.00000000000000 2 
9.87005345300000 12.82157554050000 0.00000000000000 2 
11.10381013460000 14.95850479730000 0.00000000000000 2 
12.33756681620000 17.09543405400000 0.00000000000000 2 
13.57132349790000 19.23236331080000 0.00000000000000 2 
14.80508017950000 21.36929256750000 0.00000000000000 2 
16.03883686110000 23.50622182430000 0.00000000000000 2 
17.27259354270000 25.64315108100000 0.00000000000000 2 
18.50635022440000 27.78008033780000 0.00000000000000 2 
19.74010690600000 29.91700959450000 0.00000000000000 2 
2.46751336320000 -4.27385851350000 0.00000000000000 2 
3.70127004490000 -2.13692925680000 0.00000000000000 2 
4.93502672650000 0.00000000000000 0.00000000000000 2 
6.16878340810000 2.13692925680000 0.00000000000000 2 
7.40254008970000 4.27385851350000 0.00000000000000 2 
8.63629677140000 6.41078777030000 0.00000000000000 2 
9.87005345300000 8.54771702700000 0.00000000000000 2 
11.10381013460000 10.68464628380000 0.00000000000000 2 
12.33756681620000 12.82157554050000 0.00000000000000 2 
13.57132349790000 14.95850479730000 0.00000000000000 2 
14.80508017950000 17.09543405400000 0.00000000000000 2 
16.03883686110000 19.23236331080000 0.00000000000000 2 
17.27259354270000 21.36929256750000 0.00000000000000 2 
18.50635022440000 23.50622182430000 0.00000000000000 2 
19.74010690600000 25.64315108100000 0.00000000000000 2 
20.97386358760000 27.78008033780000 0.00000000000000 2 
3.70127004490000 -6.41078777030000 0.00000000000000 2 
4.93502672650000 -4.27385851350000 0.00000000000000 2 
6.16878340810000 -2.13692925680000 0.00000000000000 2 
7.40254008970000 0.00000000000000 0.00000000000000 2 
8.63629677140000 2.13692925680000 0.00000000000000 2 
9.87005345300000 4.27385851350000 0.00000000000000 2 
11.10381013460000 6.41078777030000 0.00000000000000 2 
12.33756681620000 8.54771702700000 0.00000000000000 2 
13.57132349790000 10.68464628380000 0.00000000000000 2 
14.80508017950000 12.82157554050000 0.00000000000000 2 
16.03883686110000 14.95850479730000 0.00000000000000 2 
17.27259354270000 17.09543405400000 0.00000000000000 2 
18.50635022440000 19.23236331080000 0.00000000000000 2 
19.74010690600000 21.36929256750000 0.00000000000000 2 
20.97386358760000 23.50622182430000 0.00000000000000 2 
22.20762026920000 25.64315108100000 0.00000000000000 2 
4.93502672650000 -8.54771702700000 0.00000000000000 2 
6.16878340810000 -6.41078777030000 0.00000000000000 2 
7.40254008970000 -4.27385851350000 0.00000000000000 2 
8.63629677140000 -2.13692925680000 0.00000000000000 2 
9.87005345300000 0.00000000000000 0.00000000000000 2 
11.10381013460000 2.13692925680000 0.00000000000000 2 
12.33756681620000 4.27385851350000 0.00000000000000 2 
13.57132349790000 6.41078777030000 0.00000000000000 2 
14.80508017950000 8.54771702700000 0.00000000000000 2 
16.03883686110000 10.68464628380000 0.00000000000000 2 
17.27259354270000 12.82157554050000 0.00000000000000 2 
18.50635022440000 14.95850479730000 0.00000000000000 2 
19.74010690600000 17.09543405400000 0.00000000000000 2 
20.97386358760000 19.23236331080000 0.00000000000000 2 
22.20762026920000 21.36929256750000 0.00000000000000 2 
23.44137695090000 23.50622182430000 0.00000000000000 2 
6.16878340810000 -10.68464628380000 0.00000000000000 2 
7.40254008970000 -8.54771702700000 0.00000000000000 2 
8.63629677140000 -6.41078777030000 0.00000000000000 2 
9.87005345300000 -4.27385851350000 0.00000000000000 2 
11.10381013460000 -2.13692925680000 0.00000000000000 2 
12.33756681620000 0.00000000000000 0.00000000000000 2 
13.57132349790000 2.13692925680000 0.00000000000000 1 
14.80508017950000 4.27385851350000 0.00000000000000 1 
16.03883686110000 6.41078777030000 0.00000000000000 2 
17.27259354270000 8.54771702700000 0.00000000000000 2 
18.50635022440000 10.68464628380000 0.00000000000000 2 
19.74010690600000 12.82157554050000 0.00000000000000 2 
20.97386358760000 14.95850479730000 0.00000000000000 2 
22.20762026920000 17.09543405400000 0.00000000000000 2 
23.44137695090000 19.23236331080000 0.00000000000000 2 
24.67513363250000 21.36929256750000 0.00000000000000 2 
7.40254008970000 -12.82157554050000 0.00000000000000 2 
8.63629677140000 -10.68464628380000 0.00000000000000 2 
9.87005345300000 -8.54771702700000 0.00000000000000 2 
11.10381013460000 -6.41078777030000 0.00000000000000 2 
12.33756681620000 -4.27385851350000 0.00000000000000 2 
13.57132349790000 -2.13692925680000 0.00000000000000 1 
14.80508017950000 0.00000000000000 0.00000000000000 1 
16.03883686110000 2.13692925680000 0.00000000000000 1 
17.27259354270000 4.27385851350000 0.00000000000000 1 
18.50635022440000 6.41078777030000 0.00000000000000 1 
19.74010690600000 8.54771702700000 0.00000000000000 2 
20.97386358760000 10.68464628380000 0.00000000000000 2 
22.20762026920000 12.82157554050000 0.00000000000000 2 
23.44137695090000 14.95850479730000 0.00000000000000 2 
24.67513363250000 17.09543405400000 0.00000000000000 2 
25.90889031410000 19.23236331080000 0.00000000000000 2 
8.63629677140000 -14.95850479730000 0.00000000000000 2 
9.87005345300000 -12.82157554050000 0.00000000000000 2 
11.10381013460000 -10.68464628380000 0.00000000000000 2 
12.33756681620000 -8.54771702700000 0.00000000000000 2 
13.57132349790000 -6.41078777030000 0.00000000000000 2 
14.80508017950000 -4.27385851350000 0.00000000000000 1 
16.03883686110000 -2.13692925680000 0.00000000000000 1 
17.27259354270000 0.00000000000000 0.00000000000000 1 
18.50635022440000 2.13692925680000 0.00000000000000 1 
19.74010690600000 4.27385851350000 0.00000000000000 1 
20.97386358760000 6.41078777030000 0.00000000000000 1 
22.20762026920000 8.54771702700000 0.00000000000000 2 
23.44137695090000 10.68464628380000 0.00000000000000 2 
24.67513363250000 12.82157554050000 0.00000000000000 2 
25.90889031410000 14.95850479730000 0.00000000000000 2 
27.14264699570000 17.09543405400000 0.00000000000000 2 
9.87005345300000 -17.09543405400000 0.00000000000000 2 
11.10381013460000 -14.95850479730000 0.00000000000000 2 
12.33756681620000 -12.82157554050000 0.00000000000000 2 
13.57132349790000 -10.68464628380000 0.00000000000000 2 
14.80508017950000 -8.54771702700000 0.00000000000000 2 
16.03883686110000 -6.41078777030000 0.00000000000000 2 
17.27259354270000 -4.27385851350000 0.00000000000000 1 
18.50635022440000 -2.13692925680000 0.00000000000000 1 
19.74010690600000 0.00000000000000 0.00000000000000 1 
20.97386358760000 2.13692925680000 0.00000000000000 1 
22.20762026920000 4.27385851350000 0.00000000000000 1 
23.44137695090000 6.41078777030000 0.00000000000000 2 
24.67513363250000 8.54771702700000 0.00000000000000 2 
25.90889031410000 10.68464628380000 0.00000000000000 2 
27.14264699570000 12.82157554050000 0.00000000000000 2 
28.37640367740000 14.95850479730000 0.00000000000000 2 
11.10381013460000 -19.23236331080000 0.00000000000000 2 
12.33756681620000 -17.09543405400000 0.00000000000000 2 
13.57132349790000 -14.95850479730000 0.00000000000000 2 
14.80508017950000 -12.82157554050000 0.00000000000000 2 
16.03883686110000 -10.68464628380000 0.00000000000000 2 
17.27259354270000 -8.54771702700000 0.00000000000000 2 
18.50635022440000 -6.41078777030000 0.00000000000000 1 
19.74010690600000 -4.27385851350000 0.00000000000000 1 
20.97386358760000 -2.13692925680000 0.00000000000000 1 
22.20762026920000 0.00000000000000 0.00000000000000 1 
23.44137695090000 2.13692925680000 0.00000000000000 1 
24.67513363250000 4.27385851350000 0.00000000000000 1 
25.90889031410000 6.41078777030000 0.00000000000000 2 
27.14264699570000 8.54771702700000 0.00000000000000 2 
28.37640367740000 10.68464628380000 0.00000000000000 2 
29.61016035900000 12.82157554050000 0.00000000000000 2 
12.33756681620000 -21.36929256750000 0.00000000000000 2 
13.57132349790000 -19.23236331080000 0.00000000000000 2 
14.80508017950000 -17.09543405400000 0.00000000000000 2 
16.03883686110000 -14.95850479730000 0.00000000000000 2 
17.27259354270000 -12.82157554050000 0.00000000000000 2 
18.50635022440000 -10.68464628380000 0.00000000000000 2 
19.74010690600000 -8.54771702700000 0.00000000000000 2 
20.97386358760000 -6.41078777030000 0.00000000000000 1 
22.20762026920000 -4.27385851350000 0.00000000000000 1 
23.44137695090000 -2.13692925680000 0.00000000000000 1 
24.67513363250000 0.00000000000000 0.00000000000000 1 
25.90889031410000 2.13692925680000 0.00000000000000 1 
27.14264699570000 4.27385851350000 0.00000000000000 2 
28.37640367740000 6.41078777030000 0.00000000000000 2 
29.61016035900000 8.54771702700000 0.00000000000000 2 
30.84391704060000 10.68464628380000 0.00000000000000 2 
13.57132349790000 -23.50622182430000 0.00000000000000 2 
14.80508017950000 -21.36929256750000 0.00000000000000 2 
16.03883686110000 -19.23236331080000 0.00000000000000 2 
17.27259354270000 -17.09543405400000 0.00000000000000 2 
18.50635022440000 -14.95850479730000 0.00000000000000 2 
19.74010690600000 -12.82157554050000 0.00000000000000 2 
20.97386358760000 -10.68464628380000 0.00000000000000 2 
22.20762026920000 -8.54771702700000 0.00000000000000 2 
23.44137695090000 -6.41078777030000 0.00000000000000 2 
24.67513363250000 -4.27385851350000 0.00000000000000 1 
25.90889031410000 -2.13692925680000 0.00000000000000 1 
27.14264699570000 0.00000000000000 0.00000000000000 2 
28.37640367740000 2.13692925680000 0.00000000000000 2 
29.61016035900000 4.27385851350000 0.00000000000000 2 
30.84391704060000 6.41078777030000 0.00000000000000 2 
32.07767372220000 8.54771702700000 0.00000000000000 2 
14.80508017950000 -25.64315108100000 0.00000000000000 2 
16.03883686110000 -23.50622182430000 0.00000000000000 2 
17.27259354270000 -21.36929256750000 0.00000000000000 2 
18.50635022440000 -19.23236331080000 0.00000000000000 2 
19.74010690600000 -17.09543405400000 0.00000000000000 2 
20.97386358760000 -14.95850479730000 0.00000000000000 2 
22.20762026920000 -12.82157554050000 0.00000000000000 2 
23.44137695090000 -10.68464628380000 0.00000000000000 2 
24.67513363250000 -8.54771702700000 0.00000000000000 2 
25.90889031410000 -6.41078777030000 0.00000000000000 2 
27.14264699570000 -4.27385851350000 0.00000000000000 2 
28.37640367740000 -2.13692925680000 0.00000000000000 2 
29.61016035900000 0.00000000000000 0.00000000000000 2 
30.84391704060000 2.13692925680000 0.00000000000000 2 
32.07767372220000 4.27385851350000 0.00000000000000 2 
33.31143040390000 6.41078777030000 0.00000000000000 2 
16.03883686110000 -27.78008033780000 0.00000000000000 2 
17.27259354270000 -25.64315108100000 0.00000000000000 2 
18.50635022440000 -23.50622182430000 0.00000000000000 2 
19.74010690600000 -21.36929256750000 0.00000000000000 2 
20.97386358760000 -19.23236331080000 0.00000000000000 2 
22.20762026920000 -17.09543405400000 0.00000000000000 2 
23.44137695090000 -14.95850479730000 0.00000000000000 2 
24.67513363250000 -12.82157554050000 0.00000000000000 2 
25.90889031410000 -10.68464628380000 0.00000000000000 2 
27.14264699570000 -8.54771702700000 0.00000000000000 2 
28.37640367740000 -6.41078777030000 0.00000000000000 2 
29.61016035900000 -4.27385851350000 0.00000000000000 2 
30.84391704060000 -2.13692925680000 0.00000000000000 2 
32.07767372220000 0.00000000000000 0.00000000000000 2 
33.31143040390000 2.13692925680000 0.00000000000000 2 
34.54518708550000 4.27385851350000 0.00000000000000 2 
17.27259354270000 -29.91700959450000 0.00000000000000 2 
18.50635022440000 -27.78008033780000 0.00000000000000 2 
19.74010690600000 -25.64315108100000 0.00000000000000 2 
20.97386358760000 -23.50622182430000 0.00000000000000 2 
22.20762026920000 -21.36929256750000 0.00000000000000 2 
23.44137695090000 -19.23236331080000 0.00000000000000 2 
24.67513363250000 -17.09543405400000 0.00000000000000 2 
25.90889031410000 -14.95850479730000 0.00000000000000 2 
27.14264699570000 -12.82157554050000 0.00000000000000 2 
28.37640367740000 -10.68464628380000 0.00000000000000 2 
29.61016035900000 -8.54771702700000 0.00000000000000 2 
30.84391704060000 -6.41078777030000 0.00000000000000 2 
32.07767372220000 -4.27385851350000 0.00000000000000 2 
33.31143040390000 -2.13692925680000 0.00000000000000 2 
34.54518708550000 0.00000000000000 0.00000000000000 2 
35.77894376710000 2.13692925680000 0.00000000000000 2 
18.50635022440000 -32.05393885130000 0.00000000000000 2 
19.74010690600000 -29.91700959450000 0.00000000000000 2 
20.97386358760000 -27.78008033780000 0.00000000000000 2 
22.20762026920000 -25.64315108100000 0.00000000000000 2 
23.44137695090000 -23.50622182430000 0.00000000000000 2 
24.67513363250000 -21.36929256750000 0.00000000000000 2 
25.90889031410000 -19.23236331080000 0.00000000000000 2 
27.14264699570000 -17.09543405400000 0.00000000000000 2 
28.37640367740000 -14.95850479730000 0.00000000000000 2 
29.61016035900000 -12.82157554050000 0.00000000000000 2 
30.84391704060000 -10.68464628380000 0.00000000000000 2 
32.07767372220000 -8.54771702700000 0.00000000000000 2 
33.31143040390000 -6.41078777030000 0.00000000000000 2 
34.54518708550000 -4.27385851350000 0.00000000000000 2 
35.77894376710000 -2.13692925680000 0.00000000000000 2 
37.01270044870000 0.00000000000000 0.00000000000000 2 
1.23375668160000 0.71230975230000 0.00000000000000 2 
2.46751336320000 2.84923900900000 0.00000000000000 2 
3.70127004490000 4.98616826580000 0.00000000000000 2 
4.93502672650000 7.12309752250000 0.00000000000000 2 
6.16878340810000 9.26002677930000 0.00000000000000 2 
7.40254008970000 11.39695603600000 0.00000000000000 2 
8.63629677140000 13.53388529280000 0.00000000000000 2 
9.87005345300000 15.67081454950000 0.00000000000000 2 
11.10381013460000 17.80774380630000 0.00000000000000 2 
12.33756681620000 19.94467306300000 0.00000000000000 2 
13.57132349790000 22.08160231980000 0.00000000000000 2 
14.80508017950000 24.21853157650000 0.00000000000000 2 
16.03883686110000 26.35546083330000 0.00000000000000 2 
17.27259354270000 28.49239009000000 0.00000000000000 2 
18.50635022440000 30.62931934680000 0.00000000000000 2 
19.74010690600000 32.76624860350000 0.00000000000000 2 
2.46751336320000 -1.42461950450000 0.00000000000000 2 
3.70127004490000 0.71230975230000 0.00000000000000 2 
4.93502672650000 2.84923900900000 0.00000000000000 2 
6.16878340810000 4.98616826580000 0.00000000000000 2 
7.40254008970000 7.12309752250000 0.00000000000000 2 
8.63629677140000 9.26002677930000 0.00000000000000 2 
9.87005345300000 11.39695603600000 0.00000000000000 2 
11.10381013460000 13.53388529280000 0.00000000000000 2 
12.33756681620000 15.67081454950000 0.00000000000000 2 
13.57132349790000 17.80774380630000 0.00000000000000 2 
14.80508017950000 19.94467306300000 0.00000000000000 2 
16.03883686110000 22.08160231980000 0.00000000000000 2 
17.27259354270000 24.21853157650000 0.00000000000000 2 
18.50635022440000 26.35546083330000 0.00000000000000 2 
19.74010690600000 28.49239009000000 0.00000000000000 2 
20.97386358760000 30.62931934680000 0.00000000000000 2 
3.70127004490000 -3.56154876130000 0.00000000000000 2 
4.93502672650000 -1.42461950450000 0.00000000000000 2 
6.16878340810000 0.71230975230000 0.00000000000000 2 
7.40254008970000 2.84923900900000 0.00000000000000 2 
8.63629677140000 4.98616826580000 0.00000000000000 2 
9.87005345300000 7.12309752250000 0.00000000000000 2 
11.10381013460000 9.26002677930000 0.00000000000000 2 
12.33756681620000 11.39695603600000 0.00000000000000 2 
13.57132349790000 13.53388529280000 0.00000000000000 2 
14.80508017950000 15.67081454950000 0.00000000000000 2 
16.03883686110000 17.80774380630000 0.00000000000000 2 
17.27259354270000 19.94467306300000 0.00000000000000 2 
18.50635022440000 22.08160231980000 0.00000000000000 2 
19.74010690600000 24.21853157650000 0.00000000000000 2 
20.97386358760000 26.35546083330000 0.00000000000000 2 
22.20762026920000 28.49239009000000 0.00000000000000 2 
4.93502672650000 -5.69847801800000 0.00000000000000 2 
6.16878340810000 -3.56154876130000 0.00000000000000 2 
7.40254008970000 -1.42461950450000 0.00000000000000 2 
8.63629677140000 0.71230975230000 0.00000000000000 2 
9.87005345300000 2.84923900900000 0.00000000000000 2 
11.10381013460000 4.98616826580000 0.00000000000000 2 
12.33756681620000 7.12309752250000 0.00000000000000 2 
13.57132349790000 9.26002677930000 0.00000000000000 2 
14.80508017950000 11.39695603600000 0.00000000000000 2 
16.03883686110000 13.53388529280000 0.00000000000000 2 
17.27259354270000 15.67081454950000 0.00000000000000 2 
18.50635022440000 17.80774380630000 0.00000000000000 2 
19.74010690600000 19.94467306300000 0.00000000000000 2 
20.97386358760000 22.08160231980000 0.00000000000000 2 
22.20762026920000 24.21853157650000 0.00000000000000 2 
23.44137695090000 26.35546083330000 0.00000000000000 2 
6.16878340810000 -7.83540727480000 0.00000000000000 2 
7.40254008970000 -5.69847801800000 0.00000000000000 2 
8.63629677140000 -3.56154876130000 0.00000000000000 2 
9.87005345300000 -1.42461950450000 0.00000000000000 2 
11.10381013460000 0.71230975230000 0.00000000000000 2 
12.33756681620000 2.84923900900000 0.00000000000000 2 
13.57132349790000 4.98616826580000 0.00000000000000 2 
14.80508017950000 7.12309752250000 0.00000000000000 2 
16.03883686110000 9.26002677930000 0.00000000000000 2 
17.27259354270000 11.39695603600000 0.00000000000000 2 
18.50635022440000 13.53388529280000 0.00000000000000 2 
19.74010690600000 15.67081454950000 0.00000000000000 2 
20.97386358760000 17.80774380630000 0.00000000000000 2 
22.20762026920000 19.94467306300000 0.00000000000000 2 
23.44137695090000 22.08160231980000 0.00000000000000 2 
24.67513363250000 24.21853157650000 0.00000000000000 2 
7.40254008970000 -9.97233653150000 0.00000000000000 2 
8.63629677140000 -7.83540727480000 0.00000000000000 2 
9.87005345300000 -5.69847801800000 0.00000000000000 2 
11.10381013460000 -3.56154876130000 0.00000000000000 2 
12.33756681620000 -1.42461950450000 0.00000000000000 2 
13.57132349790000 0.71230975230000 0.00000000000000 3 
14.80508017950000 2.84923900900000 0.00000000000000 3 
16.03883686110000 4.98616826580000 0.00000000000000 3 
17.27259354270000 7.12309752250000 0.00000000000000 2 
18.50635022440000 9.26002677930000 0.00000000000000 2 
19.74010690600000 11.39695603600000 0.00000000000000 2 
20.97386358760000 13.53388529280000 0.00000000000000 2 
22.20762026920000 15.67081454950000 0.00000000000000 2 
23.44137695090000 17.80774380630000 0.00000000000000 2 
24.67513363250000 19.94467306300000 0.00000000000000 2 
25.90889031410000 22.08160231980000 0.00000000000000 2 
8.63629677140000 -12.10926578830000 0.00000000000000 2 
9.87005345300000 -9.97233653150000 0.00000000000000 2 
11.10381013460000 -7.83540727480000 0.00000000000000 2 
12.33756681620000 -5.69847801800000 0.00000000000000 2 
13.57132349790000 -3.56154876130000 0.00000000000000 2 
14.80508017950000 -1.42461950450000 0.00000000000000 3 
16.03883686110000 0.71230975230000 0.00000000000000 3 
17.27259354270000 2.84923900900000 0.00000000000000 3 
18.50635022440000 4.98616826580000 0.00000000000000 3 
19.74010690600000 7.12309752250000 0.00000000000000 2 
20.97386358760000 9.26002677930000 0.00000000000000 2 
22.20762026920000 11.39695603600000 0.00000000000000 2 
23.44137695090000 13.53388529280000 0.00000000000000 2 
24.67513363250000 15.67081454950000 0.00000000000000 2 
25.90889031410000 17.80774380630000 0.00000000000000 2 
27.14264699570000 19.94467306300000 0.00000000000000 2 
9.87005345300000 -14.24619504500000 0.00000000000000 2 
11.10381013460000 -12.10926578830000 0.00000000000000 2 
12.33756681620000 -9.97233653150000 0.00000000000000 2 
13.57132349790000 -7.83540727480000 0.00000000000000 2 
14.80508017950000 -5.69847801800000 0.00000000000000 2 
16.03883686110000 -3.56154876130000 0.00000000000000 3 
17.27259354270000 -1.42461950450000 0.00000000000000 3 
18.50635022440000 0.71230975230000 0.00000000000000 3 
19.74010690600000 2.84923900900000 0.00000000000000 3 
20.97386358760000 4.98616826580000 0.00000000000000 3 
22.20762026920000 7.12309752250000 0.00000000000000 2 
23.44137695090000 9.26002677930000 0.00000000000000 2 
24.67513363250000 11.39695603600000 0.00000000000000 2 
25.90889031410000 13.53388529280000 0.00000000000000 2 
27.14264699570000 15.67081454950000 0.00000000000000 2 
28.37640367740000 17.80774380630000 0.00000000000000 2 
11.10381013460000 -16.38312430180000 0.00000000000000 2 
12.33756681620000 -14.24619504500000 0.00000000000000 2 
13.57132349790000 -12.10926578830000 0.00000000000000 2 
14.80508017950000 -9.97233653150000 0.00000000000000 2 
16.03883686110000 -7.83540727480000 0.00000000000000 2 
17.27259354270000 -5.69847801800000 0.00000000000000 3 
18.50635022440000 -3.56154876130000 0.00000000000000 3 
19.74010690600000 -1.42461950450000 0.00000000000000 3 
20.97386358760000 0.71230975230000 0.00000000000000 3 
22.20762026920000 2.84923900900000 0.00000000000000 3 
23.44137695090000 4.98616826580000 0.00000000000000 3 
24.67513363250000 7.12309752250000 0.00000000000000 2 
25.90889031410000 9.26002677930000 0.00000000000000 2 
27.14264699570000 11.39695603600000 0.00000000000000 2 
28.37640367740000 13.53388529280000 0.00000000000000 2 
29.61016035900000 15.67081454950000 0.00000000000000 2 
12.33756681620000 -18.52005355850000 0.00000000000000 2 
13.57132349790000 -16.38312430180000 0.00000000000000 2 
14.80508017950000 -14.24619504500000 0.00000000000000 2 
16.03883686110000 -12.10926578830000 0.00000000000000 2 
17.27259354270000 -9.97233653150000 0.00000000000000 2 
18.50635022440000 -7.83540727480000 0.00000000000000 2 
19.74010690600000 -5.69847801800000 0.00000000000000 3 
20.97386358760000 -3.56154876130000 0.00000000000000 3 
22.20762026920000 -1.42461950450000 0.00000000000000 3 
23.44137695090000 0.71230975230000 0.00000000000000 3 
24.67513363250000 2.84923900900000 0.00000000000000 3 
25.90889031410000 4.98616826580000 0.00000000000000 2 
27.14264699570000 7.12309752250000 0.00000000000000 2 
28.37640367740000 9.26002677930000 0.00000000000000 2 
29.61016035900000 11.39695603600000 0.00000000000000 2 
30.84391704060000 13.53388529280000 0.00000000000000 2 
13.57132349790000 -20.65698281530000 0.00000000000000 2 
14.80508017950000 -18.52005355850000 0.00000000000000 2 
16.03883686110000 -16.38312430180000 0.00000000000000 2 
17.27259354270000 -14.24619504500000 0.00000000000000 2 
18.50635022440000 -12.10926578830000 0.00000000000000 2 
19.74010690600000 -9.97233653150000 0.00000000000000 2 
20.97386358760000 -7.83540727480000 0.00000000000000 2 
22.20762026920000 -5.69847801800000 0.00000000000000 3 
23.44137695090000 -3.56154876130000 0.00000000000000 3 
24.67513363250000 -1.42461950450000 0.00000000000000 3 
25.90889031410000 0.71230975230000 0.00000000000000 3 
27.14264699570000 2.84923900900000 0.00000000000000 2 
28.37640367740000 4.98616826580000 0.00000000000000 2 
29.61016035900000 7.12309752250000 0.00000000000000 2 
30.84391704060000 9.26002677930000 0.00000000000000 2 
32.07767372220000 11.39695603600000 0.00000000000000 2 
14.80508017950000 -22.79391207200000 0.00000000000000 2 
16.03883686110000 -20.65698281530000 0.00000000000000 2 
17.27259354270000 -18.52005355850000 0.00000000000000 2 
18.50635022440000 -16.38312430180000 0.00000000000000 2 
19.74010690600000 -14.24619504500000 0.00000000000000 2 
20.97386358760000 -12.10926578830000 0.00000000000000 2 
22.20762026920000 -9.97233653150000 0.00000000000000 2 
23.44137695090000 -7.83540727480000 0.00000000000000 2 
24.67513363250000 -5.69847801800000 0.00000000000000 2 
25.90889031410000 -3.56154876130000 0.00000000000000 2 
27.14264699570000 -1.42461950450000 0.00000000000000 2 
28.37640367740000 0.71230975230000 0.00000000000000 2 
29.61016035900000 2.84923900900000 0.00000000000000 2 
30.84391704060000 4.98616826580000 0.00000000000000 2 
32.07767372220000 7.12309752250000 0.00000000000000 2 
33.31143040390000 9.26002677930000 0.00000000000000 2 
16.03883686110000 -24.93084132880000 0.00000000000000 2 
17.27259354270000 -22.79391207200000 0.00000000000000 2 
18.50635022440000 -20.65698281530000 0.00000000000000 2 
19.74010690600000 -18.52005355850000 0.00000000000000 2 
20.97386358760000 -16.38312430180000 0.00000000000000 2 
22.20762026920000 -14.24619504500000 0.00000000000000 2 
23.44137695090000 -12.10926578830000 0.00000000000000 2 
24.67513363250000 -9.97233653150000 0.00000000000000 2 
25.90889031410000 -7.83540727480000 0.00000000000000 2 
27.14264699570000 -5.69847801800000 0.00000000000000 2 
28.37640367740000 -3.56154876130000 0.00000000000000 2 
29.61016035900000 -1.42461950450000 0.00000000000000 2 
30.84391704060000 0.71230975230000 0.00000000000000 2 
32.07767372220000 2.84923900900000 0.00000000000000 2 
33.31143040390000 4.98616826580000 0.00000000000000 2 
34.54518708550000 7.12309752250000 0.00000000000000 2 
17.27259354270000 -27.06777058550000 0.00000000000000 2 
18.50635022440000 -24.93084132880000 0.00000000000000 2 
19.74010690600000 -22.79391207200000 0.00000000000000 2 
20.97386358760000 -20.65698281530000 0.00000000000000 2 
22.20762026920000 -18.52005355850000 0.00000000000000 2 
23.44137695090000 -16.38312430180000 0.00000000000000 2 
24.67513363250000 -14.24619504500000 0.00000000000000 2 
25.90889031410000 -12.10926578830000 0.00000000000000 2 
27.14264699570000 -9.97233653150000 0.00000000000000 2 
28.37640367740000 -7.83540727480000 0.00000000000000 2 
29.61016035900000 -5.69847801800000 0.00000000000000 2 
30.84391704060000 -3.56154876130000 0.00000000000000 2 
32.07767372220000 -1.42461950450000 0.00000000000000 2 
33.31143040390000 0.71230975230000 0.00000000000000 2 
34.54518708550000 2.84923900900000 0.00000000000000 2 
35.77894376710000 4.98616826580000 0.00000000000000 2 
18.50635022440000 -29.20469984230000 0.00000000000000 2 
19.74010690600000 -27.06777058550000 0.00000000000000 2 
20.97386358760000 -24.93084132880000 0.00000000000000 2 
22.20762026920000 -22.79391207200000 0.00000000000000 2 
23.44137695090000 -20.65698281530000 0.00000000000000 2 
24.67513363250000 -18.52005355850000 0.00000000000000 2 
25.90889031410000 -16.38312430180000 0.00000000000000 2 
27.14264699570000 -14.24619504500000 0.00000000000000 2 
28.37640367740000 -12.10926578830000 0.00000000000000 2 
29.61016035900000 -9.97233653150000 0.00000000000000 2 
30.84391704060000 -7.83540727480000 0.00000000000000 2 
32.07767372220000 -5.69847801800000 0.00000000000000 2 
33.31143040390000 -3.56154876130000 0.00000000000000 2 
34.54518708550000 -1.42461950450000 0.00000000000000 2 
35.77894376710000 0.71230975230000 0.00000000000000 2 
37.01270044870000 2.84923900900000 0.00000000000000 2 
19.74010690600000 -31.34162909900000 0.00000000000000 2 
20.97386358760000 -29.20469984230000 0.00000000000000 2 
22.20762026920000 -27.06777058550000 0.00000000000000 2 
23.44137695090000 -24.93084132880000 0.00000000000000 2 
24.67513363250000 -22.79391207200000 0.00000000000000 2 
25.90889031410000 -20.65698281530000 0.00000000000000 2 
27.14264699570000 -18.52005355850000 0.00000000000000 2 
28.37640367740000 -16.38312430180000 0.00000000000000 2 
29.61016035900000 -14.24619504500000 0.00000000000000 2 
30.84391704060000 -12.10926578830000 0.00000000000000 2 
32.07767372220000 -9.97233653150000 0.00000000000000 2 
33.31143040390000 -7.83540727480000 0.00000000000000 2 
34.54518708550000 -5.69847801800000 0.00000000000000 2 
35.77894376710000 -3.56154876130000 0.00000000000000 2 
37.01270044870000 -1.42461950450000 0.00000000000000 2 
38.24645713040000 0.71230975230000 0.00000000000000 2 
