0.00000000000000 0.00000000000000 0.00000000000000 2 
1.23375668160000 2.13692925680000 0.00000000000000 2 
2.46751336320000 4.27385851350000 0.00000000000000 2 
3.70127004490000 6.41078777030000 0.00000000000000 2 
4.93502672650000 8.54771702700000 0.00000000000000 2 
6.16878340810000 10.68464628380000 0.00000000000000 2 
7.40254008970000 12.82157554050000 0.00000000000000 2 
1.23375668160000 -2.13692925680000 0.00000000000000 2 
2.46751336320000 0.00000000000000 0.00000000000000 2 
3.70127004490000 2.13692925680000 0.00000000000000 2 
4.93502672650000 4.27385851350000 0.00000000000000 2 
6.16878340810000 6.41078777030000 0.00000000000000 2 
7.40254008970000 8.54771702700000 0.00000000000000 2 
8.63629677140000 10.68464628380000 0.00000000000000 2 
2.46751336320000 -4.27385851350000 0.00000000000000 2 
3.70127004490000 -2.13692925680000 0.00000000000000 2 
4.93502672650000 0.00000000000000 0.00000000000000 2 
6.16878340810000 2.13692925680000 0.00000000000000 2 
7.40254008970000 4.27385851350000 0.00000000000000 2 
8.63629677140000 6.41078777030000 0.00000000000000 2 
9.87005345300000 8.54771702700000 0.00000000000000 2 
3.70127004490000 -6.41078777030000 0.00000000000000 2 
4.93502672650000 -4.27385851350000 0.00000000000000 2 
6.16878340810000 -2.13692925680000 0.00000000000000 2 
7.40254008970000 0.00000000000000 0.00000000000000 1 
8.63629677140000 2.13692925680000 0.00000000000000 2 
9.87005345300000 4.27385851350000 0.00000000000000 2 
11.10381013460000 6.41078777030000 0.00000000000000 2 
4.93502672650000 -8.54771702700000 0.00000000000000 2 
6.16878340810000 -6.41078777030000 0.00000000000000 2 
7.40254008970000 -4.27385851350000 0.00000000000000 2 
8.63629677140000 -2.13692925680000 0.00000000000000 1 
9.87005345300000 0.00000000000000 0.00000000000000 1 
11.10381013460000 2.13692925680000 0.00000000000000 2 
12.33756681620000 4.27385851350000 0.00000000000000 2 
6.16878340810000 -10.68464628380000 0.00000000000000 2 
7.40254008970000 -8.54771702700000 0.00000000000000 2 
8.63629677140000 -6.41078777030000 0.00000000000000 2 
9.87005345300000 -4.27385851350000 0.00000000000000 2 
11.10381013460000 -2.13692925680000 0.00000000000000 2 
12.33756681620000 0.00000000000000 0.00000000000000 2 
13.57132349790000 2.13692925680000 0.00000000000000 2 
7.40254008970000 -12.82157554050000 0.00000000000000 2 
8.63629677140000 -10.68464628380000 0.00000000000000 2 
9.87005345300000 -8.54771702700000 0.00000000000000 2 
11.10381013460000 -6.41078777030000 0.00000000000000 2 
12.33756681620000 -4.27385851350000 0.00000000000000 2 
13.57132349790000 -2.13692925680000 0.00000000000000 2 
14.80508017950000 0.00000000000000 0.00000000000000 2 
1.23375668160000 0.71230975230000 0.00000000000000 2 
2.46751336320000 2.84923900900000 0.00000000000000 2 
3.70127004490000 4.98616826580000 0.00000000000000 2 
4.93502672650000 7.12309752250000 0.00000000000000 2 
6.16878340810000 9.26002677930000 0.00000000000000 2 
7.40254008970000 11.39695603600000 0.00000000000000 2 
8.63629677140000 13.53388529280000 0.00000000000000 2 
2.46751336320000 -1.42461950450000 0.00000000000000 2 
3.70127004490000 0.71230975230000 0.00000000000000 2 
4.93502672650000 2.84923900900000 0.00000000000000 2 
6.16878340810000 4.98616826580000 0.00000000000000 2 
7.40254008970000 7.12309752250000 0.00000000000000 2 
8.63629677140000 9.26002677930000 0.00000000000000 2 
9.87005345300000 11.39695603600000 0.00000000000000 2 
3.70127004490000 -3.56154876130000 0.00000000000000 2 
4.93502672650000 -1.42461950450000 0.00000000000000 2 
6.16878340810000 0.71230975230000 0.00000000000000 2 
7.40254008970000 2.84923900900000 0.00000000000000 2 
8.63629677140000 4.98616826580000 0.00000000000000 2 
9.87005345300000 7.12309752250000 0.00000000000000 2 
11.10381013460000 9.26002677930000 0.00000000000000 2 
4.93502672650000 -5.69847801800000 0.00000000000000 2 
6.16878340810000 -3.56154876130000 0.00000000000000 2 
7.40254008970000 -1.42461950450000 0.00000000000000 3 
8.63629677140000 0.71230975230000 0.00000000000000 3 
9.87005345300000 2.84923900900000 0.00000000000000 2 
11.10381013460000 4.98616826580000 0.00000000000000 2 
12.33756681620000 7.12309752250000 0.00000000000000 2 
6.16878340810000 -7.83540727480000 0.00000000000000 2 
7.40254008970000 -5.69847801800000 0.00000000000000 2 
8.63629677140000 -3.56154876130000 0.00000000000000 2 
9.87005345300000 -1.42461950450000 0.00000000000000 3 
11.10381013460000 0.71230975230000 0.00000000000000 2 
12.33756681620000 2.84923900900000 0.00000000000000 2 
13.57132349790000 4.98616826580000 0.00000000000000 2 
7.40254008970000 -9.97233653150000 0.00000000000000 2 
8.63629677140000 -7.83540727480000 0.00000000000000 2 
9.87005345300000 -5.69847801800000 0.00000000000000 2 
11.10381013460000 -3.56154876130000 0.00000000000000 2 
12.33756681620000 -1.42461950450000 0.00000000000000 2 
13.57132349790000 0.71230975230000 0.00000000000000 2 
14.80508017950000 2.84923900900000 0.00000000000000 2 
8.63629677140000 -12.10926578830000 0.00000000000000 2 
9.87005345300000 -9.97233653150000 0.00000000000000 2 
11.10381013460000 -7.83540727480000 0.00000000000000 2 
12.33756681620000 -5.69847801800000 0.00000000000000 2 
13.57132349790000 -3.56154876130000 0.00000000000000 2 
14.80508017950000 -1.42461950450000 0.00000000000000 2 
16.03883686110000 0.71230975230000 0.00000000000000 2 
