              -1090.7265219395
          0.000001106      -0.000001133       0.000000613
         -0.000001133      -0.000014591      -0.000000608
          0.000000613      -0.000000608      -0.000009695
         106
  3     7      -0.013581732      -0.036314378       0.048426204  N
  1     6      -0.008166942      -0.006606328       0.014124503  C
  1     6       0.067582750      -0.004338919       0.052007076  C
  4     8      -0.009337469       0.003415973      -0.043648869  O
  2     1       0.002956410       0.008078177       0.012358212  H
  2     1      -0.105406947      -0.033410433      -0.128991962  H
  2     1      -0.004903935       0.033642816      -0.026203454  H
  2     1       0.013628839      -0.017724356      -0.024595852  H
  1     6      -0.047616354       0.031001325      -0.009739396  C
  1     6       0.061125524      -0.014714394       0.011895043  C
  2     1       0.009480043       0.000056648       0.011252970  H
  2     1       0.003526624      -0.007385548      -0.006448544  H
  2     1       0.001045731      -0.031720566       0.009358992  H
  2     1      -0.001660674       0.015249638       0.012195876  H
  1     6      -0.051091581      -0.062692132      -0.017873868  C
  4     8       0.019826731       0.035305567      -0.001300355  O
  4     8       0.016887877       0.088269392      -0.034086992  O
  2     1      -0.005401062      -0.053663838       0.022838039  H
  3     7      -0.088208445       0.024015850       0.036778289  N
  1     6      -0.108412587      -0.047821633      -0.000186940  C
  1     6      -0.045431377      -0.001516485       0.074415449  C
  4     8      -0.090336954       0.271395392       0.011685911  O
  2     1      -0.032891386       0.152486864       0.073263576  H
  4     8      -0.044059664      -0.085269918      -0.021360628  O
  2     1       0.031273685       0.021842446      -0.013562414  H
  2     1      -0.003492368      -0.003611788       0.004801434  H
  1     6       0.250990587       0.049614533      -0.108884085  C
  2     1       0.022124171      -0.126720971       0.113684081  H
  3     7       0.011891243       0.050829111       0.030364543  N
  1     6       0.017180304       0.046145601      -0.003102418  C
  1     6      -0.058395128       0.010967016       0.015983112  C
  4     8       0.010573685       0.001982725      -0.018367967  O
  2     1       0.020603625       0.053149985       0.015149045  H
  2     1       0.109503691      -0.019313268      -0.128239899  H
  2     1       0.000607685      -0.027273827      -0.001319610  H
  2     1      -0.005846424       0.004467428      -0.020402024  H
  1     6       0.032973250      -0.047942726       0.002597946  C
  1     6      -0.051198628       0.038251969       0.000987105  C
  2     1      -0.009304617       0.007456852       0.011658044  H
  2     1      -0.000696548       0.005664440      -0.008023468  H
  2     1       0.008227348       0.029383271       0.002956419  H
  2     1      -0.003672973      -0.016355291       0.018987517  H
  1     6       0.070461004       0.044755091      -0.023576117  C
  4     8      -0.031108705      -0.031370590       0.002841687  O
  3     7       0.069830731      -0.031073904       0.052928865  N
  1     6       0.120070650       0.009321813      -0.003746595  C
  1     6       0.031783722      -0.034573632       0.080763746  C
  4     8       0.007876389      -0.267650663       0.046922071  O
  2     1      -0.019135282      -0.145371100       0.097546460  H
  4     8       0.075928188       0.045701580       0.003297657  O
  2     1      -0.028320464      -0.018115953      -0.016849977  H
  2     1       0.002918830       0.003814481       0.005761793  H
  1     6      -0.255044417       0.012157792      -0.108466310  C
  2     1       0.018517815       0.144585288       0.092446780  H
  3     7      -0.015847684      -0.023361958       0.020621887  N
  1     6      -0.033234658      -0.033810007       0.006702096  C
  1     6       0.058397309      -0.032148947      -0.008168656  C
  4     8      -0.001047660       0.000957678      -0.018838166  O
  2     1      -0.036324658      -0.045466142       0.021794505  H
  2     1      -0.097818198       0.033574373      -0.132915758  H
  2     1       0.007826668       0.024944171       0.016055717  H
  2     1       0.003880257      -0.008152001      -0.020870384  H
  1     6      -0.021479811       0.039272912      -0.007689229  C
  1     6       0.080841419      -0.233302043       0.001101429  C
  2     1       0.006939199      -0.006400742       0.015175005  H
  2     1       0.005436160      -0.008367195      -0.012744088  H
  2     1      -0.009054942      -0.028792513       0.010619084  H
  2     1       0.057154180      -0.100676760      -0.016565483  H
  1     6      -0.064297497      -0.005747930      -0.103893811  C
  4     8       0.023116666       0.011353401       0.026678573  O
  3     7      -0.064191105       0.058897559       0.050912428  N
  1     6      -0.108271904       0.012290254      -0.005529473  C
  1     6      -0.051212801      -0.037771247      -0.004716408  C
  4     8       0.006062528       0.008497136      -0.004041271  O
  2     1       0.060742639       0.145663146       0.075687110  H
  4     8      -0.087902275      -0.012923722       0.013248166  O
  2     1       0.029651057       0.013738224      -0.011803546  H
  2     1      -0.007921205      -0.004145856      -0.027964051  H
  1     6       0.237618238      -0.104868790      -0.090786812  C
  2     1      -0.060013145      -0.113795900       0.114644572  H
  3     7       0.038211304       0.047721721       0.037345270  N
  1     6       0.037952246       0.018130682       0.008330262  C
  1     6      -0.059766769       0.045612486      -0.020568866  C
  4     8       0.020547182      -0.009267176      -0.006156763  O
  2     1       0.048768108       0.033522066       0.014859804  H
  2     1       0.083607608      -0.081510135      -0.121828870  H
  2     1      -0.015449279      -0.019778069       0.005836585  H
  2     1       0.000951915       0.005408566      -0.025689567  H
  1     6       0.008261012      -0.044906934      -0.001575796  C
  1     6      -0.002063492       0.251556685      -0.035237493  C
  2     1      -0.004740732       0.010584767       0.014423526  H
  2     1      -0.002071013       0.008438444      -0.014220127  H
  2     1       0.016973587       0.026500520       0.006971630  H
  2     1      -0.023582091       0.100220544      -0.032720406  H
  1     6       0.055249654      -0.037673750      -0.109837094  C
  4     8      -0.015836782       0.001058932       0.023178696  O
  3     7       0.049790377      -0.075851998       0.062370275  N
  1     6       0.092135947      -0.041148743       0.000807692  C
  1     6       0.065221407       0.032471683      -0.048766792  C
  4     8      -0.012355594      -0.016714851       0.047383567  O
  2     1      -0.104784697      -0.105996201       0.095177451  H
  2     1      -0.042808476      -0.017490903       0.019895406  H
  2     1      -0.036520098      -0.010944686      -0.003828091  H
  2     1       0.013063487      -0.001756508      -0.028973688  H
  1     6      -0.196921583       0.149194668      -0.118669579  C
  2     1       0.089659719       0.108683090       0.098571261  H
