              -1090.7265219431
          0.000001106      -0.000001133       0.000000613
         -0.000001133      -0.000014591      -0.000000608
          0.000000613      -0.000000608      -0.000009695
         106
  3     7      -0.013584312      -0.036315498       0.048422798  N
  1     6      -0.008165558      -0.006604121       0.014125550  C
  1     6       0.067583289      -0.004341476       0.051990486  C
  4     8      -0.009345399       0.003418850      -0.043631060  O
  2     1       0.002959456       0.008069437       0.012363384  H
  2     1      -0.105409995      -0.033410912      -0.128992223  H
  2     1      -0.004903868       0.033645594      -0.026209203  H
  2     1       0.013620931      -0.017726867      -0.024593545  H
  1     6      -0.047614098       0.031005320      -0.009746471  C
  1     6       0.061124546      -0.014716841       0.011896102  C
  2     1       0.009480631       0.000056850       0.011251800  H
  2     1       0.003526110      -0.007382316      -0.006447738  H
  2     1       0.001045718      -0.031720322       0.009358517  H
  2     1      -0.001662005       0.015250771       0.012197116  H
  1     6      -0.051096283      -0.062692902      -0.017877417  C
  4     8       0.019828810       0.035307135      -0.001299330  O
  4     8       0.016889658       0.088271121      -0.034086114  O
  2     1      -0.005400957      -0.053666099       0.022839670  H
  3     7      -0.088209406       0.024016409       0.036776486  N
  1     6      -0.108398422      -0.047822586      -0.000185997  C
  1     6      -0.045431612      -0.001513466       0.074401510  C
  4     8      -0.090336178       0.271401711       0.011698621  O
  2     1      -0.032892936       0.152488037       0.073264783  H
  4     8      -0.044062358      -0.085274034      -0.021359640  O
  2     1       0.031276762       0.021843251      -0.013568114  H
  2     1      -0.003491237      -0.003608940       0.004800906  H
  1     6       0.250991453       0.049614543      -0.108884117  C
  2     1       0.022122156      -0.126722352       0.113686364  H
  3     7       0.011894361       0.050829593       0.030370519  N
  1     6       0.017170930       0.046136898      -0.003100948  C
  1     6      -0.058397019       0.010967237       0.015996530  C
  4     8       0.010569996       0.001983329      -0.018381808  O
  2     1       0.020604416       0.053153717       0.015150147  H
  2     1       0.109507159      -0.019313577      -0.128240208  H
  2     1       0.000606918      -0.027277693      -0.001327445  H
  2     1      -0.005843911       0.004468062      -0.020400148  H
  1     6       0.032962094      -0.047941597       0.002597319  C
  1     6      -0.051194336       0.038252443       0.000996285  C
  2     1      -0.009304441       0.007456502       0.011656187  H
  2     1      -0.000698971       0.005668928      -0.008026584  H
  2     1       0.008235057       0.029381055       0.002953225  H
  2     1      -0.003671538      -0.016356296       0.018988915  H
  1     6       0.070466995       0.044760454      -0.023578194  C
  4     8      -0.031111199      -0.031372872       0.002843141  O
  3     7       0.069835997      -0.031074399       0.052929379  N
  1     6       0.120067006       0.009321998      -0.003751649  C
  1     6       0.031780099      -0.034585399       0.080792668  C
  4     8       0.007879241      -0.267648270       0.046903908  O
  2     1      -0.019135337      -0.145372042       0.097548036  H
  4     8       0.075925145       0.045703499       0.003292994  O
  2     1      -0.028320069      -0.018118048      -0.016847116  H
  2     1       0.002919205       0.003815771       0.005761218  H
  1     6      -0.255044959       0.012157815      -0.108465375  C
  2     1       0.018519686       0.144585347       0.092448228  H
  3     7      -0.015849402      -0.023359533       0.020619592  N
  1     6      -0.033230360      -0.033807968       0.006707885  C
  1     6       0.058391486      -0.032145883      -0.008145330  C
  4     8      -0.001044109       0.000950929      -0.018860211  O
  2     1      -0.036324957      -0.045466324       0.021794901  H
  2     1      -0.097821440       0.033575774      -0.132916348  H
  2     1       0.007829057       0.024945715       0.016051498  H
  2     1       0.003879875      -0.008152409      -0.020868191  H
  1     6      -0.021480620       0.039274258      -0.007686990  C
  1     6       0.080841550      -0.233308388       0.001105831  C
  2     1       0.006936402      -0.006398964       0.015172643  H
  2     1       0.005436620      -0.008367301      -0.012743187  H
  2     1      -0.009053362      -0.028794709       0.010623434  H
  2     1       0.057153615      -0.100680990      -0.016567704  H
  1     6      -0.064296632      -0.005742129      -0.103899325  C
  4     8       0.023124357       0.011355893       0.026681097  O
  3     7      -0.064193621       0.058899799       0.050909541  N
  1     6      -0.108268482       0.012289587      -0.005527498  C
  1     6      -0.051215860      -0.037774079      -0.004724509  C
  4     8       0.006063425       0.008498387      -0.004038720  O
  2     1       0.060741651       0.145664003       0.075688337  H
  4     8      -0.087903439      -0.012923107       0.013248712  O
  2     1       0.029650769       0.013737143      -0.011800076  H
  2     1      -0.007922242      -0.004148238      -0.027965214  H
  1     6       0.237619081      -0.104870132      -0.090786344  C
  2     1      -0.060014309      -0.113795164       0.114645800  H
  3     7       0.038213139       0.047723508       0.037346105  N
  1     6       0.037953433       0.018131612       0.008329224  C
  1     6      -0.059774342       0.045617722      -0.020595562  C
  4     8       0.020551770      -0.009271448      -0.006133747  O
  2     1       0.048768226       0.033522183       0.014859845  H
  2     1       0.083609503      -0.081511972      -0.121828498  H
  2     1      -0.015450654      -0.019777322       0.005835683  H
  2     1       0.000952691       0.005408231      -0.025690872  H
  1     6       0.008259084      -0.044905018      -0.001580780  C
  1     6      -0.002061893       0.251555877      -0.035234573  C
  2     1      -0.004741072       0.010587366       0.014423799  H
  2     1      -0.002071861       0.008437871      -0.014218726  H
  2     1       0.016975984       0.026498397       0.006969978  H
  2     1      -0.023581823       0.100220383      -0.032715843  H
  1     6       0.055259217      -0.037675354      -0.109839722  C
  4     8      -0.015845342       0.001058670       0.023180540  O
  3     7       0.049792801      -0.075854521       0.062370691  N
  1     6       0.092131787      -0.041148716       0.000807794  C
  1     6       0.065227107       0.032477541      -0.048781070  C
  4     8      -0.012358162      -0.016716252       0.047394416  O
  2     1      -0.104783199      -0.105998037       0.095178397  H
  2     1      -0.042811346      -0.017492160       0.019895921  H
  2     1      -0.036517442      -0.010942254      -0.003829207  H
  2     1       0.013062411      -0.001755208      -0.028976032  H
  1     6      -0.196921507       0.149196270      -0.118669855  C
  2     1       0.089661358       0.108682028       0.098572552  H
